000000000000000000000000000000000000000000000000000000000000
000000000000000000000000000000000000000000000000000000000000
000000000000000000000000000000000000000000000000000000000000
000000000000000000000000000000000000000000000000000000000000
000000000000000000000000000000000000000000000000000000000000
000000000000000000000000000000000000000000000000000000000000
000000000000000000000000000000000000000000000000000000000000
000000000000000000000000000000011110000000000000000000000000
000000000000000000000000001011100001111111000000000000000000
000000000000000000000000001011100001111111000000000000000000
000000000000000000000000011111111111111100110000000000000000
000000000000000000000000111100000000011110011000000000000000
000000000000000000000001100000000000000111101000000000000000
000000000000000000000011000000000000000101111000000000000000
000000000000000000000110000000000000000000011000000000000000
000000000000000000001100000000000000000000001000000000000000
000000000000000000011000000000000000000000000100000000000000
000000000000000000011000000000000000000000000110000000000000
000000000000000000110000000000000000000000000110000000000000
000000000000000000110000000000000000000000000011000000000000
000000000000000000100000000000000000000000000011000000000000
000000000000000001100000000000000000000000000011000000000000
000000000000000001100000000000000000000000000011000000000000
000000000000000011000000000000000000000000000011000000000000
000000000000000011000000000000000000000000000011000000000000
000000000000000011000000000000000000000000000011000000000000
000000000000000110000000000000000000000000000011000000000000
000000000000001100000000000000000000000000000011000000000000
000000000000001001111000000011111100000000000010000000000000
000000000000001111001110001100000010000000000110000000000000
000000000000001100000001110000000001100000000110000000000000
000000000000000000000000100000000000100000000110000000000000
000000000000010000000000000000000000010000000110000000000000
000000000000010000000001000000000000010000000100000000000000
000000000000010000000001000000000000001001100100000000000000
000000000001111000000000000000000000011001100110000000000000
000000000001111000000001110000000000011011100110000000000000
000000000000010000000001110000000000011010100110000000000000
000000000000011110000001000000000000010100101010000000000000
000000000000001000000000100000000000101100111010000000000000
000000000000001000000000110000000001001000111010000000000000
000000000000001000000000001110000110011000011010000000000000
000000000000001111100001100011111000000001111000000000000000
000000000000000011111111111111000000000011001000000000000000
000000000000000110000000000001111000000010010100000000000000
000000000000001100000000000000001100000000110100000000000000
000000000000001000000000000000000110000001111100000000000000
000000000000001000000000000000000001000000010000000000000000
000000000000000000000000000000000000100011001000000000000000
000000000000000000000000000000000000110001111000000000000000
000000000000010000000000000000000000010000110000000000000000
000000000001110000000000000000000000011000110000000000000000
000000000001100000000000000000000000011000110000000000000000
000000000001100000000000000000000000011000010000000000000000
000000000001110000000000000000001000011000010000000000000000
000000000000011100000000000000111000011000010000000000000000
000000000000001111111111111111100000011000011000000000000000
000000000000000000010000000000000000011000011000000000000000
000000000000000000010000000000000000010000011000000000000000
000000000000000000011110000000000000110000001100000000000000
000000000000000000000111000000000000100000001100000000000000
000000000000000000000001000000000001100000110010000000000000
000000000000000000000001100000000110000011100010000000000000
000000000000000000001111111111111100011100000001000000000000
000000000000000000011001001111110001110000000001000000000000
000000000000000000100001000000001111000000000000100000000000
000000000000000001100011000001100000000000000000100000000000
000000000000000001100011000001100000000000000001100000000000
000000000000000001000011000011000000000000000011000000000000
000000000000000000000000000000000000000000000000000000000000
000000000000000000000000000000000000000000000000000000000000
000000000000000000000000000000000000000000000000000000000000
000000000000000000000000000000000000000000000000000000000000
000000000000000000000000000000000000000000000000000000000000
000000000000000000000000000000000000000000000000000000000000
000000000000000000000000000000000000000000000000000000000000
